179
NP_000610.2    0.0000000 1.3863896 1.5053293 0.6101887 0.6815192 0.4406681 0.5965943 0.0000010 0.5121401 0.0537475 0.6521062 0.4352938 0.0537495 0.6787088 0.0719478 0.0086380 0.4131687 0.0173167 0.5678935 0.8282035 0.5978162 0.7394206 0.0629605 0.5436908 0.5436908 0.5917055 0.3944915 0.4265826 0.5579296 0.6855315 0.6819460 1.0006596 0.7310449 0.5445308 0.6588579 0.6181728 0.7502603 0.5925548 0.9582139 0.5336368 0.0537475 0.6243599 0.5718805 0.5717174 0.5969983 0.4660147 0.4807136 0.4658852 0.3895662 0.6402509 0.6031730 0.8736682 0.4589784 0.9028465 0.5262585 0.5320144 0.5119620 0.5280892 0.7515806 0.6605267 0.0443991 0.4692810 0.6202252 0.4407113 0.4240322 0.7115818 0.0443991 0.7641748 0.5718805 0.4807136 0.4589784 0.0347596 0.0535183 0.0627014 1.1717556 0.4727154 0.5435573 0.7969614 0.4465704 0.5121401 0.5512772 0.9600589 0.5894048 0.0652329 0.4829597 0.0554179 0.5262585 0.6356258 0.5790354 0.3981446 0.4778566 0.9920314 1.3851320 1.3731364 1.0269360 0.4041796 0.4182977 0.5405847 0.0539290 0.3612551 0.5405847 0.4406681 0.3791121 0.5772669 0.4240322 0.5850092 0.3791121 1.0168831 0.5798226 0.3926638 0.9054657 0.5116794 0.5287167 0.5592595 1.4287131 0.0173167 0.0625078 0.4033920 0.4041796 0.4300063 1.5053293 0.5097137 0.0447862 1.4954037 0.4021761 0.8136486 0.5889845 0.6459689 0.6369687 0.5119620 0.4985887 0.5146122 0.3969276 0.6269487 0.4479726 0.9217657 1.3140638 0.5416548 0.5978767 0.7258383 0.9425144 0.7898706 0.4424970 0.5258819 0.4424970 1.1656986 0.4300063 1.1361792 0.4154985 0.5298753 0.4717415 0.3971082 0.4432668 0.6102695 0.4352938 0.5287167 0.5213199 0.6815192 0.5274391 0.6975081 0.8468196 0.6463470 0.5678935 0.9782469 1.0848873 0.8053750 1.2453133 1.5221856 0.5826433 0.8787398 0.6671170 0.0086380 0.4331136 0.5102379 0.5717174 1.0242457 0.6289890 0.5231210 0.9318845 
NP_032363.1    1.3863896 0.0000000 0.2240331 1.3409351 1.2847668 1.2673232 1.2893739 1.3863896 1.3786133 1.4015176 1.5157877 1.1383653 1.4382804 1.2279605 1.2589409 1.3605493 1.2346785 1.3833857 1.3124108 0.7332614 1.3158084 1.3784325 1.3151979 1.3785087 1.3785087 1.4793473 1.1930446 1.1324638 1.3875975 1.5132429 1.4509848 1.4876762 1.2402698 1.1800775 1.1672493 1.4023564 0.7809154 1.3178367 0.7840886 1.2403776 1.4015176 1.3973600 1.3230143 1.3575258 1.3914695 1.2624217 1.2059413 1.2163010 1.1929676 1.3794580 1.1790287 1.7120762 1.2202572 0.7912210 1.3525070 1.2663712 1.3232027 1.4123719 1.3933743 1.5319029 1.4117899 1.1825721 1.3895974 1.1494406 1.2194213 1.0907712 1.4117899 1.5994940 1.3230143 1.2059413 1.2202572 1.4058263 1.4056514 1.2481063 1.8621511 1.1368167 1.1590368 1.2869130 1.1199604 1.3786133 1.3361102 1.7463283 1.4454110 1.3018291 1.1791703 1.4803838 1.3525070 1.3009782 1.2823093 1.0361883 1.2493400 1.5570615 0.0662468 0.1390289 0.6720936 1.1718799 1.1778398 1.3999064 1.4116277 1.0984914 1.3999064 1.2673232 1.1784741 1.2756405 1.2194213 1.3029166 1.1784741 1.6703493 1.3228488 1.2103175 0.7689047 1.3660541 1.4025377 1.4063406 0.1723603 1.3833857 1.3050882 1.1388997 1.1718799 1.1831436 0.2240331 1.3365735 1.3914066 0.1838581 1.1810189 0.7561512 1.3311327 1.4213369 1.3438251 1.3232027 1.1783680 1.2470441 1.1351023 1.1882068 1.3957516 0.7025983 2.0412745 1.2968980 1.2706053 1.5571881 0.7077204 1.2784258 1.2045176 1.3897837 1.2045176 1.8923137 1.1831436 1.5824605 1.1537810 1.4113792 1.1516409 1.2033733 1.1793648 1.3044312 1.1383653 1.4025377 1.1834451 1.2847668 1.4079916 1.1747774 0.6818308 1.2974611 1.3124108 0.7719549 0.7855590 0.7806030 1.9071963 0.2354314 1.2986010 0.8200165 1.3542885 1.3605493 1.1372656 1.2984381 1.3575258 0.6412208 1.2858657 1.3048854 0.7410605 
NP_620235.1    1.5053293 0.2240331 0.0000000 1.3138656 1.2330629 1.2925310 1.2519733 1.5053293 1.4391362 1.4959764 1.4283428 1.2174106 1.5337336 1.3775348 1.3927798 1.5010069 1.2740888 1.5248063 1.3538965 0.7064702 1.2862570 1.3556277 1.4426748 1.3561134 1.3561134 1.6543956 1.2169301 1.1875084 1.4003608 1.6508442 1.5353597 1.6624588 1.2932699 1.2109115 1.2406070 1.4730843 0.6918265 1.3196614 0.7192817 1.4115578 1.4959764 1.4879996 1.3021172 1.3445936 1.4821538 1.4071819 1.2456114 1.2698324 1.2430499 1.4694343 1.2619615 1.7310557 1.2691190 0.7849652 1.4121618 1.2472418 1.3064081 1.3891157 1.4527041 1.5104551 1.5067661 1.2508341 1.4335104 1.2288732 1.2588209 1.0881606 1.5067661 1.6279569 1.3021172 1.2456114 1.2691190 1.4727170 1.5004069 1.3816485 1.9195326 1.1266485 1.2003295 1.3673772 1.1943532 1.4391362 1.3379314 1.7974627 1.5006238 1.4626658 1.1641057 1.5786479 1.4121618 1.3998852 1.2573901 1.0872020 1.2400165 1.6413346 0.1874466 0.1254125 0.6956009 1.2217461 1.2648371 1.3769172 1.5098942 1.2231660 1.3769172 1.2925310 1.2173414 1.2775430 1.2588209 1.2774502 1.2173414 1.7598439 1.3520814 1.3429468 0.7491358 1.4697305 1.4635279 1.3798855 0.1705197 1.5248063 1.4416624 1.2155937 1.2217461 1.2610220 0.0000010 1.3534307 1.4894209 0.1724634 1.2310496 0.7513665 1.4801045 1.5030960 1.3932631 1.3064081 1.1633179 1.3783740 1.3007210 1.3055833 1.4055972 0.6501292 1.9438839 1.3910629 1.2340904 1.6578327 0.6847298 1.3588588 1.2051038 1.4504934 1.2051038 2.0640226 1.2610220 1.7074282 1.2304942 1.4727754 1.1289094 1.3349952 1.2738859 1.3062868 1.2174106 1.4635279 1.2823687 1.2330629 1.4097605 1.2085899 0.6598749 1.3859862 1.3538965 0.7102035 0.7886613 0.7329908 1.9560413 0.2241168 1.2609587 0.7762024 1.3889694 1.5010069 1.2190070 1.2782878 1.3445936 0.6645687 1.3334074 1.2929927 0.6815662 
NP_776511.1    0.6101887 1.3409351 1.3138656 0.0000000 0.2637863 0.2341973 0.0462041 0.6101887 0.3365838 0.6497525 0.5622319 0.2457503 0.6445107 0.7663192 0.5896015 0.6090034 0.2352004 0.5921406 0.5368290 0.5699864 0.0461732 0.6097050 0.6007209 0.1190816 0.1190816 0.6278998 0.2485175 0.1888426 0.5319407 0.6114174 0.6725769 1.0900208 0.7737761 0.4560982 0.6040753 0.6123193 0.5374339 0.5357621 0.7385802 0.7228428 0.6497525 0.5349515 0.0180732 0.0363182 0.5274405 0.5209990 0.1694924 0.1764744 0.2456587 0.5476089 0.5516364 0.7456639 0.4028408 0.7344439 0.3488044 0.1139334 0.0873688 0.1252284 0.6951447 0.5743664 0.6268281 0.7265164 0.5018690 0.2571090 0.2244422 0.4731447 0.6268281 0.8142169 0.0180732 0.1694924 0.4028408 0.6283840 0.6422994 0.6048459 1.1751919 0.4124612 0.4975466 0.5527115 0.2344602 0.3365838 0.4545297 0.9190768 0.5731310 0.6504625 0.2812856 0.6672107 0.3488044 0.5473331 0.0000010 0.3060462 0.0752216 1.0926953 1.3206725 1.2193872 0.9572172 0.2582698 0.2928268 0.1089079 0.6612053 0.4279936 0.1089079 0.2341973 0.2355152 0.4434398 0.2244422 0.0090026 0.2355152 1.1229287 0.4379606 0.4943991 0.7362279 0.4109369 0.3401957 0.1294766 1.2842127 0.5921406 0.6367891 0.2798615 0.2582698 0.2815441 1.3138656 0.4778149 0.6468039 1.5185608 0.2447739 0.6784875 0.7565588 0.5185087 0.4922572 0.0873688 0.2941206 0.5128901 0.4608451 0.5795533 0.3457676 0.7756955 1.0677237 0.3282978 0.0462268 0.6080585 0.7215289 0.5721481 0.0952139 0.3238756 0.0952139 1.1368028 0.2815441 1.0755605 0.2690404 0.3512346 0.4185043 0.4781224 0.2934307 0.4384502 0.2457503 0.3401957 0.4189278 0.2637863 0.3493932 0.4304832 0.7381197 0.5182185 0.5368290 0.7557191 0.9439978 0.5594783 1.2717125 1.4354377 0.0368299 0.7061353 0.6159017 0.6090034 0.4429477 0.0730024 0.0363182 0.9479895 0.5766853 0.1236980 0.7594706 
NP_999113.1    0.6815192 1.2847668 1.2330629 0.2637863 0.0000000 0.3189986 0.2647984 0.6815192 0.4283538 0.7767458 0.6134098 0.3636681 0.7697344 0.7636606 0.6655381 0.6845706 0.3364666 0.6688710 0.6078465 0.6680315 0.2650041 0.7604403 0.6754218 0.2343321 0.2343321 0.7388441 0.3308979 0.2916479 0.5466516 0.6624855 0.7436945 1.0480870 0.7964164 0.5067603 0.7183938 0.5560034 0.6501406 0.6131002 0.8207063 0.7462546 0.7767458 0.6417155 0.2493346 0.2716090 0.6565738 0.6189088 0.2511600 0.2561589 0.3086156 0.6561572 0.6175700 0.7130789 0.4735639 0.7992567 0.4413678 0.2342649 0.1970406 0.2376466 0.7859327 0.6008366 0.7509153 0.7550677 0.6660940 0.3759742 0.3250288 0.6221230 0.7509153 0.7059653 0.2493346 0.2511600 0.4735639 0.7141604 0.7482038 0.6798157 1.0549011 0.5717051 0.6079379 0.6934059 0.3632892 0.4283538 0.5403699 1.0012798 0.6304078 0.7164302 0.3791324 0.7968791 0.4413678 0.5912830 0.2521280 0.3412863 0.2493515 1.0484822 1.2865741 1.1420233 1.0323885 0.3221297 0.3441268 0.2231765 0.7700812 0.5089332 0.2231765 0.3189986 0.3210212 0.5383045 0.3250288 0.2491151 0.3210212 1.0423647 0.5143138 0.5803500 0.7917302 0.4939150 0.4432586 0.2460290 1.2189101 0.6688710 0.7131953 0.3303504 0.3221297 0.3324396 1.2330629 0.4952122 0.7550363 1.3047460 0.3248568 0.7304821 0.7425449 0.6619712 0.6548200 0.1970406 0.3931814 0.6149580 0.5401537 0.5733906 0.4360187 0.8651828 1.2291784 0.4548319 0.2652362 0.6591124 0.8046534 0.6872396 0.2743848 0.4160421 0.2743848 0.9749946 0.3324396 1.0443465 0.3191781 0.4443931 0.5525044 0.5810715 0.3448792 0.5155391 0.3636681 0.4432586 0.5130332 0.0000010 0.4422448 0.5534313 0.8277331 0.5663113 0.6078465 0.8415268 0.9412098 0.6686334 1.0908966 1.4175824 0.2534141 0.7611249 0.7480317 0.6845706 0.4959101 0.2409966 0.2716090 1.0193389 0.6318828 0.2114769 0.8502240 
NP_001003174.1 0.4406681 1.2673232 1.2925310 0.2341973 0.3189986 0.0000000 0.2235437 0.4406681 0.1473595 0.4746315 0.5089913 0.1536035 0.4714053 0.6183978 0.4237732 0.4397512 0.0456438 0.4522199 0.3811141 0.5827155 0.2236630 0.5777306 0.4686280 0.1883927 0.1883927 0.5052102 0.0555065 0.1444041 0.3525757 0.5712497 0.5423110 0.9446325 0.6033029 0.3133536 0.4638435 0.5343625 0.5350391 0.4188345 0.7287085 0.5936695 0.4746315 0.4302580 0.2092696 0.2057357 0.4517024 0.4199107 0.1620879 0.1729397 0.0742500 0.4704036 0.4119722 0.6744348 0.2646146 0.6662512 0.1578709 0.1851054 0.1645992 0.1758505 0.6497326 0.4834130 0.4562482 0.5326627 0.4496112 0.1638347 0.0550135 0.4130562 0.4562482 0.7239685 0.2092696 0.1620879 0.2646146 0.4562934 0.4698648 0.4362583 0.9691724 0.3028639 0.4033692 0.5679200 0.1638900 0.1473595 0.3470212 0.8997347 0.4185039 0.4806836 0.2398647 0.4877693 0.1578709 0.3862140 0.2229769 0.1998313 0.1871257 0.9648950 1.2535884 1.2417618 0.8388763 0.0646630 0.0934633 0.1776598 0.4858561 0.2866340 0.1776598 0.0000010 0.0458227 0.3380605 0.0550135 0.2203696 0.0458227 0.9541030 0.3469455 0.3213667 0.6676852 0.2097411 0.1583933 0.1995299 1.3312433 0.4522199 0.4646057 0.1035089 0.0646630 0.0838518 1.2925310 0.3253931 0.4729181 1.3864620 0.0547554 0.5847069 0.5495561 0.4433115 0.4406632 0.1645992 0.2517973 0.4007821 0.3370493 0.4096105 0.2393317 0.7169526 1.0608067 0.1661728 0.2238734 0.5680571 0.7141662 0.5614148 0.1854323 0.1370698 0.1854323 0.9734364 0.0838518 0.9851049 0.0939417 0.1589644 0.3133603 0.3218518 0.0935780 0.3485821 0.1536035 0.1583933 0.3166885 0.3189986 0.1580029 0.4179162 0.6726428 0.4268500 0.3811141 0.7469864 0.8074455 0.5377477 1.0348818 1.5166787 0.2125639 0.6392034 0.5255649 0.4397512 0.2739671 0.1971436 0.2057357 0.8627705 0.4514923 0.1700637 0.7256768 
NP_001009803.1 0.5965943 1.2893739 1.2519733 0.0462041 0.2647984 0.2235437 0.0000000 0.5965943 0.3097067 0.6351947 0.5963247 0.2341931 0.6301387 0.6877502 0.5504418 0.5950216 0.2246778 0.5782648 0.5238783 0.5355375 0.0177425 0.6435349 0.5601367 0.1091043 0.1091043 0.6666324 0.2376747 0.1661079 0.5186087 0.5816447 0.6501613 1.0219691 0.7768654 0.4361821 0.5394732 0.5512953 0.5308758 0.5212687 0.7290619 0.6472888 0.6351947 0.5520343 0.0272199 0.0455752 0.5446038 0.5073464 0.1659737 0.1767262 0.2349485 0.5649826 0.5383833 0.7321979 0.3906137 0.7246007 0.3217155 0.1042952 0.0876793 0.1154211 0.7130522 0.5821791 0.6126072 0.7176839 0.5185502 0.2455148 0.2139454 0.5098177 0.6126072 0.7398552 0.0272199 0.1659737 0.3906137 0.6129244 0.6279527 0.5641445 1.1404559 0.3887822 0.4992165 0.5632782 0.2456324 0.3097067 0.4408280 0.9392916 0.5601510 0.6137300 0.3076436 0.6523423 0.3217155 0.5218240 0.0368566 0.3062613 0.0657152 1.0878731 1.2748669 1.1754061 0.8799825 0.2474713 0.2819266 0.0989547 0.6466578 0.4183979 0.0989547 0.2235437 0.2247824 0.4296236 0.2139454 0.0364578 0.2247824 1.1255782 0.4245357 0.4843637 0.7263227 0.3828348 0.3229656 0.1194554 1.2645936 0.5782648 0.5953351 0.2690558 0.2474713 0.2706648 1.2519733 0.4650823 0.6323476 1.4429574 0.2340895 0.6695128 0.7914874 0.5356007 0.5087957 0.0876793 0.3207286 0.5240675 0.4736736 0.5532437 0.3819398 0.7656452 1.0045067 0.3244386 0.0177631 0.6075162 0.7123591 0.5567094 0.0855594 0.2981824 0.0855594 1.1512316 0.2706648 1.0964277 0.2582439 0.3239675 0.3967705 0.4850369 0.2688418 0.4248860 0.2341931 0.3229656 0.4192257 0.2647984 0.3222263 0.4438949 0.7285669 0.5146676 0.5238783 0.7459029 0.8966263 0.5523475 1.2349349 1.3816161 0.0088461 0.6966533 0.6437095 0.5950216 0.4340074 0.0667269 0.0455752 0.8710798 0.5737381 0.1140091 0.7496450 
NP_001180594.1 0.0000010 1.3863896 1.5053293 0.6101887 0.6815192 0.4406681 0.5965943 0.0000000 0.5121401 0.0537475 0.6521062 0.4352938 0.0537495 0.6787088 0.0719478 0.0086380 0.4131687 0.0173167 0.5678935 0.8282035 0.5978162 0.7394206 0.0629605 0.5436908 0.5436908 0.5917055 0.3944915 0.4265826 0.5579296 0.6855315 0.6819460 1.0006596 0.7310449 0.5445308 0.6588579 0.6181728 0.7502603 0.5925548 0.9582139 0.5336368 0.0537475 0.6243599 0.5718805 0.5717174 0.5969983 0.4660147 0.4807136 0.4658852 0.3895662 0.6402509 0.6031730 0.8736682 0.4589784 0.9028465 0.5262585 0.5320144 0.5119620 0.5280892 0.7515806 0.6605267 0.0443991 0.4692810 0.6202252 0.4407113 0.4240322 0.7115818 0.0443991 0.7641748 0.5718805 0.4807136 0.4589784 0.0347596 0.0535183 0.0627014 1.1717556 0.4727154 0.5435573 0.7969614 0.4465704 0.5121401 0.5512772 0.9600589 0.5894048 0.0652329 0.4829597 0.0554179 0.5262585 0.6356258 0.5790354 0.3981446 0.4778566 0.9920314 1.3851320 1.3731364 1.0269360 0.4041796 0.4182977 0.5405847 0.0539290 0.3612551 0.5405847 0.4406681 0.3791121 0.5772669 0.4240322 0.5850092 0.3791121 1.0168831 0.5798226 0.3926638 0.9054657 0.5116794 0.5287167 0.5592595 1.4287131 0.0173167 0.0625078 0.4033920 0.4041796 0.4300063 1.5053293 0.5097137 0.0447862 1.4954037 0.4021761 0.8136486 0.5889845 0.6459689 0.6369687 0.5119620 0.4985887 0.5146122 0.3969276 0.6269487 0.4479726 0.9217657 1.3140638 0.5416548 0.5978767 0.7258383 0.9425144 0.7898706 0.4424970 0.5258819 0.4424970 1.1656986 0.4300063 1.1361792 0.4154985 0.5298753 0.4717415 0.3971082 0.4432668 0.6102695 0.4352938 0.5287167 0.5213199 0.6815192 0.5274391 0.6975081 0.8468196 0.6463470 0.5678935 0.9782469 1.0848873 0.8053750 1.2453133 1.5221856 0.5826433 0.8787398 0.6671170 0.0086380 0.4331136 0.5102379 0.5717174 1.0242457 0.6289890 0.5231210 0.9318845 
NP_001009873.1 0.5121401 1.3786133 1.4391362 0.3365838 0.4283538 0.1473595 0.3097067 0.5121401 0.0000000 0.5284363 0.5918426 0.2313245 0.5247053 0.6837354 0.5477886 0.5109391 0.1572028 0.5239872 0.4756047 0.6848376 0.3100184 0.6147231 0.5696408 0.2893429 0.2893429 0.5596235 0.1581501 0.2067547 0.3823657 0.6260017 0.6313564 0.9739825 0.6525258 0.4386613 0.5073024 0.6356936 0.6100460 0.5159663 0.8172864 0.6407654 0.5284363 0.4905362 0.3072862 0.3084605 0.4830475 0.5104534 0.2522812 0.2642167 0.1785773 0.5055914 0.4937460 0.6853179 0.3426998 0.7833357 0.0088148 0.2839442 0.2624625 0.2749686 0.7412004 0.5307839 0.5088157 0.5758078 0.4755911 0.2425530 0.1630959 0.4950312 0.5088157 0.7749939 0.3072862 0.2522812 0.3426998 0.5089452 0.5228976 0.5340754 1.1551710 0.3624475 0.4123498 0.6549351 0.2426673 0.0000010 0.4173427 0.8998806 0.5131421 0.5822213 0.3203900 0.5256215 0.0088148 0.4427357 0.3116304 0.2486920 0.3082232 1.2299204 1.3290183 1.3510191 0.9287895 0.1677534 0.1791550 0.2779111 0.5396657 0.4111153 0.2779111 0.1473595 0.1466686 0.4647498 0.1630959 0.3193059 0.1466686 1.2300590 0.4131799 0.4495473 0.7853458 0.1454400 0.0088393 0.3015295 1.4475433 0.5239872 0.5646595 0.1904704 0.1677534 0.1687348 1.4391362 0.3753701 0.5263755 1.5262195 0.1558618 0.6948310 0.6721604 0.4782767 0.4515603 0.2624625 0.3335211 0.5275212 0.4583511 0.5800408 0.3014717 0.8121469 1.0653285 0.0913388 0.3102614 0.6542564 0.8007078 0.6436076 0.3054489 0.0088219 0.3054489 1.0796758 0.1687348 1.0562825 0.1802068 0.0088714 0.3729707 0.4497867 0.1575938 0.4153248 0.2313245 0.0088393 0.3912186 0.4283538 0.0088155 0.4970531 0.7585455 0.4530062 0.4756047 0.8367959 0.9522261 0.6188444 1.2244407 1.6399418 0.2980840 0.7546399 0.6048001 0.5109391 0.3774048 0.2817069 0.3084605 0.9541113 0.4872325 0.2573042 0.8160686 
NP_001028077.1 0.0537475 1.4015176 1.4959764 0.6497525 0.7767458 0.4746315 0.6351947 0.0537475 0.5284363 0.0000000 0.6381347 0.4504655 0.0174011 0.6935271 0.1103401 0.0441120 0.4419673 0.0530644 0.5733389 0.8386604 0.6365591 0.7768207 0.1011624 0.5823704 0.5823704 0.6050654 0.4262684 0.4417862 0.5645788 0.7250862 0.7404020 0.9968034 0.7721675 0.6098155 0.6662985 0.6469189 0.7664636 0.6192679 0.9710236 0.5619353 0.0000010 0.6773993 0.6092363 0.6109853 0.6491774 0.4712761 0.5160346 0.5227266 0.4208382 0.6944878 0.6105505 0.8599905 0.5011839 0.9149568 0.5426939 0.5364166 0.5545194 0.5661806 0.7560242 0.6882640 0.0086262 0.4700730 0.6450901 0.4560915 0.4511029 0.6849206 0.0086262 0.8166033 0.6092363 0.5160346 0.5011839 0.0260371 0.0173360 0.1007325 1.2896116 0.4864206 0.5277955 0.8180401 0.4623250 0.5284363 0.5768310 1.0314148 0.6196792 0.1007086 0.5162585 0.0179532 0.5426939 0.6949048 0.6176213 0.4164800 0.5119924 1.1035687 1.4223111 1.3744871 1.0772601 0.4359916 0.4505944 0.5791273 0.0261967 0.4169365 0.5791273 0.4746315 0.4102512 0.6041165 0.4511029 0.6233357 0.4102512 1.1328134 0.6236868 0.4506892 0.9176395 0.5841886 0.5452541 0.5984595 1.4296004 0.0530644 0.0908893 0.4350911 0.4359916 0.4625745 1.4959764 0.5492904 0.0173953 1.5002390 0.4343235 0.8249665 0.6654834 0.6626459 0.6532302 0.5545194 0.5009403 0.5719198 0.4634822 0.7104859 0.5028373 0.9275723 1.3104869 0.5781266 0.6365548 0.7664030 0.9551151 0.8108382 0.4752112 0.5422843 0.4752112 1.3296597 0.4625745 1.2089520 0.4474908 0.5464007 0.4737737 0.4549172 0.4762328 0.6382507 0.4504655 0.5452541 0.5809518 0.7767458 0.5439273 0.7309502 0.8522340 0.6705468 0.5733389 0.9912574 1.1204649 0.8216837 1.3714284 1.5067063 0.6208469 0.8906966 0.6838911 0.0441120 0.4847625 0.5457057 0.6109853 1.0738489 0.6790837 0.5273938 0.9377610 
NP_001075460.1 0.6521062 1.5157877 1.4283428 0.5622319 0.6134098 0.5089913 0.5963247 0.6521062 0.5918426 0.6381347 0.0000000 0.4363534 0.6520117 0.7440886 0.6655848 0.6552576 0.4882278 0.6398758 0.5154336 0.7414134 0.5988118 0.6042941 0.6969534 0.5702768 0.5702768 0.5464836 0.4674377 0.3824159 0.5592574 0.2616726 0.7689847 1.0182444 0.6293371 0.5510076 0.7058746 0.6375227 0.6844847 0.6808210 0.8025509 0.6755925 0.6381347 0.5702271 0.5453303 0.5710606 0.6167525 0.5645882 0.5212514 0.5311617 0.4614969 0.6048594 0.5585145 0.6733371 0.5266396 0.7920150 0.6068696 0.5300547 0.5015754 0.4922627 0.6419613 0.5047293 0.6450297 0.5906299 0.5995845 0.4494588 0.4756104 0.6662113 0.6450297 0.8614516 0.5453303 0.5212514 0.5266396 0.6108319 0.6605700 0.6583018 1.1681687 0.5114569 0.5421133 0.7627560 0.4358484 0.5918426 0.5638085 1.0150871 0.5620330 0.6941204 0.4346061 0.6860067 0.6068696 0.4956284 0.5271889 0.3965845 0.6032810 1.1396311 1.4784520 1.2999560 1.0552019 0.4769502 0.5070509 0.5575214 0.6631058 0.5830994 0.5575214 0.5089913 0.4510291 0.5513137 0.4756104 0.5446114 0.4510291 1.2192137 0.5368252 0.6129384 0.7941369 0.5878849 0.5985608 0.5861705 1.4550597 0.6398758 0.6911231 0.4673923 0.4769502 0.4953260 1.4283428 0.4399211 0.6488198 1.5201927 0.4958183 0.7343688 0.6691952 0.6101672 0.6057465 0.5015754 0.4202087 0.6369536 0.5964905 0.6856532 0.4851888 0.8592112 1.5062821 0.5556914 0.5988718 0.2704643 0.8039853 0.7849679 0.5639456 0.5989594 0.5639456 1.3960770 0.4953260 1.0365598 0.4798827 0.6109691 0.5138190 0.6216664 0.5091926 0.5499909 0.4363534 0.5985608 0.4938318 0.6134098 0.6083251 0.5837162 0.7983198 0.6280660 0.5154336 0.8240713 1.0373916 0.6874079 1.2588727 1.6162289 0.5833479 0.7640953 0.5913361 0.6552576 0.5706136 0.5377890 0.5710606 1.0543538 0.6797770 0.4983815 0.8276428 
NP_001075418.1 0.4352938 1.1383653 1.2174106 0.2457503 0.3636681 0.1536035 0.2341931 0.4352938 0.2313245 0.4504655 0.4363534 0.0000000 0.4474702 0.5591192 0.4189824 0.4344072 0.1459405 0.4466884 0.2931070 0.4698477 0.2343328 0.5430797 0.4627975 0.2109852 0.2109852 0.3917772 0.1438932 0.0540139 0.3317103 0.4865077 0.4973693 0.9162576 0.6144437 0.3314110 0.4150676 0.4743773 0.4445285 0.3829301 0.6244055 0.5685864 0.4504655 0.3869768 0.2325523 0.2515151 0.3953054 0.4146655 0.1610741 0.1718969 0.1424368 0.3964245 0.3610002 0.5874737 0.2219982 0.5658148 0.2425377 0.1952019 0.1864925 0.1980248 0.5707704 0.3756498 0.4328235 0.5405331 0.3900617 0.0086991 0.1359205 0.3616611 0.4328235 0.6490055 0.2325523 0.1610741 0.2219982 0.4328336 0.4460878 0.4309980 0.9383549 0.2847621 0.3583767 0.4953950 0.0086999 0.2313245 0.3144677 0.7494787 0.3814993 0.4746638 0.1509214 0.4628832 0.2425377 0.3334738 0.2348922 0.1371421 0.2334133 0.8786685 1.1249481 1.0717999 0.6971380 0.1531532 0.1838465 0.2000849 0.4615540 0.2837442 0.2000849 0.1536035 0.1330169 0.3056768 0.1359205 0.2438870 0.1330169 0.9023545 0.2794843 0.3177506 0.5667896 0.2992174 0.2434051 0.2223630 1.1678451 0.4466884 0.4588784 0.1529557 0.1531532 0.1737004 1.2174106 0.2545958 0.4489194 1.2536758 0.1418922 0.4894582 0.5060615 0.3713000 0.3818796 0.1864925 0.1505343 0.3939900 0.3322787 0.4233477 0.2454648 0.6377473 1.0675503 0.2463706 0.2110817 0.4997444 0.6116518 0.4889403 0.2313032 0.2203901 0.2313032 1.0580530 0.1737004 0.8307540 0.1629781 0.2442226 0.2952184 0.2928510 0.1628252 0.3029041 0.0000010 0.2434051 0.2518399 0.3636681 0.2428378 0.3751285 0.5727936 0.3443840 0.2931070 0.6417286 0.7370457 0.4116836 1.0025003 1.3534811 0.2231349 0.5400619 0.4691174 0.4344072 0.3046781 0.2357573 0.2515151 0.7200288 0.4218882 0.1801820 0.6457389 
NP_001106110.1 0.0537495 1.4382804 1.5337336 0.6445107 0.7697344 0.4714053 0.6301387 0.0537495 0.5247053 0.0174011 0.6520117 0.4474702 0.0000000 0.7023763 0.1103342 0.0441143 0.4431657 0.0530664 0.5754970 0.8475117 0.6314734 0.7695970 0.1011584 0.5779493 0.5779493 0.6073163 0.4234619 0.4388152 0.5602559 0.7171105 0.7417253 1.0213759 0.7760125 0.6115581 0.6698607 0.6545669 0.7594150 0.6145388 0.9695952 0.5531399 0.0174011 0.6576094 0.6045446 0.6062690 0.6298866 0.4595640 0.5124374 0.5190387 0.4180970 0.6741491 0.6127868 0.8626640 0.5041756 0.9424032 0.5388231 0.5325548 0.5504282 0.5619482 0.7803064 0.6905107 0.0086273 0.4864620 0.6174588 0.4530344 0.4523457 0.6791741 0.0086273 0.8250741 0.6045446 0.5124374 0.5041756 0.0260393 0.0173378 0.1007286 1.2374027 0.4894209 0.5476010 0.8264863 0.4592267 0.5247053 0.5725662 1.0367757 0.6272425 0.1103488 0.5034178 0.0179551 0.5388231 0.6888557 0.6127624 0.4336754 0.5083458 1.0571440 1.4594341 1.4102644 1.1081032 0.4331438 0.4476398 0.5747463 0.0261990 0.4142485 0.5747463 0.4714053 0.4075583 0.5994617 0.4523457 0.6184651 0.4075583 1.0848305 0.6187876 0.4311657 0.9452201 0.5796276 0.5413395 0.5938521 1.4663478 0.0530664 0.1004192 0.4322574 0.4331438 0.4595389 1.5337336 0.5364803 0.0173971 1.5387197 0.4314523 0.8509327 0.6689162 0.6428777 0.6340347 0.5504282 0.4883594 0.5479720 0.4604401 0.7044466 0.4993293 0.9262404 1.3643105 0.5738451 0.6314781 0.7583088 0.9835432 0.8192619 0.4719170 0.5384245 0.4719170 1.3112784 0.4595389 1.2162752 0.4445782 0.5424803 0.4705504 0.4519659 0.4730919 0.6331688 0.4474702 0.5413395 0.5765025 0.7697344 0.5400347 0.7387669 0.8790170 0.6426695 0.5754970 0.9897873 1.1525546 0.8477443 1.3153550 1.5046649 0.6159576 0.9178849 0.6779748 0.0441143 0.4814992 0.5416992 0.6062690 1.1042532 0.6699502 0.5236445 0.9364035 
NP_001166345.1 0.6787088 1.2279605 1.3775348 0.7663192 0.7636606 0.6183978 0.6877502 0.6787088 0.6837354 0.6935271 0.7440886 0.5591192 0.7023763 0.0000000 0.6848552 0.6767484 0.5824310 0.6912478 0.7455689 0.9431868 0.6908416 0.6918994 0.7107244 0.6816624 0.6816624 0.7864496 0.6235880 0.5672562 0.7495385 0.7487770 0.7618010 0.5374588 0.8151144 0.6892704 0.7381736 0.3350662 0.9628628 0.7047258 0.9086659 0.3167048 0.6935271 0.5776396 0.7200267 0.7212372 0.5736431 0.5598686 0.6198057 0.6371227 0.6150347 0.5744284 0.7440371 0.8222263 0.6317801 1.0684028 0.6999939 0.6595543 0.6735490 0.6926466 0.7646379 0.7455562 0.7006905 0.5761842 0.6120565 0.5731048 0.5937851 0.8734449 0.7006905 0.4433483 0.7200267 0.6198057 0.6317801 0.6638107 0.7133724 0.6698342 1.2638594 0.5649687 0.7062222 0.7576485 0.5736856 0.6837354 0.6601865 1.1941019 0.6890150 0.7120105 0.6441161 0.7137166 0.6999939 0.8283029 0.7318476 0.5730726 0.6864981 1.2285642 1.1969087 1.2220075 1.0449324 0.6332108 0.6475165 0.6667802 0.7197017 0.5882824 0.6667802 0.6183978 0.6038340 0.6912032 0.5937851 0.7366668 0.6038340 1.2351788 0.6505583 0.6200302 1.0718950 0.7103520 0.6839159 0.6990494 1.2893133 0.6912478 0.6921918 0.6297849 0.6332108 0.6609680 1.3775348 0.6795977 0.7047357 1.4409611 0.6133565 0.9675652 0.6024657 0.5795301 0.5877497 0.6735490 0.6272533 0.7425044 0.6000502 0.7542062 0.6586939 0.9204235 1.4309766 0.7305026 0.6907299 0.7633667 0.9050005 0.7523448 0.6439901 0.6991867 0.6439901 1.2001049 0.6609680 1.1314086 0.6424662 0.6969444 0.6165221 0.6334940 0.6576811 0.6806378 0.5591192 0.6839159 0.6426294 0.7636606 0.7017588 0.6285547 0.8797006 0.7996256 0.7455689 0.9285028 1.2456878 0.9686452 1.2913143 1.4080438 0.6746228 1.0422767 0.6174647 0.6767484 0.6600789 0.7139704 0.7212372 1.0248574 0.7384648 0.6082156 0.9011852 
NP_001244155.1 0.0719478 1.2589409 1.3927798 0.5896015 0.6655381 0.4237732 0.5504418 0.0719478 0.5477886 0.1103401 0.6655848 0.4189824 0.1103342 0.6848552 0.0000000 0.0620365 0.3967608 0.0710460 0.5940822 0.7817436 0.5783551 0.7458962 0.0262104 0.5253181 0.5253181 0.5782394 0.3786962 0.4112863 0.5467284 0.7507161 0.6583509 1.0350232 0.7810532 0.5207156 0.6131474 0.6052251 0.7353786 0.6220908 0.8865408 0.5919064 0.1103401 0.6181335 0.5531652 0.5529474 0.5909736 0.4906893 0.4642442 0.4702083 0.3740197 0.6042807 0.5780618 0.8842698 0.4755196 0.8526856 0.5619969 0.5141596 0.4992086 0.5100663 0.7141603 0.6355490 0.1002126 0.4397878 0.6140341 0.4242180 0.4074580 0.7280549 0.1002126 0.7475621 0.5531652 0.4642442 0.4755196 0.0994940 0.1097819 0.0085873 1.1108705 0.4711248 0.5278478 0.7568530 0.4303163 0.5477886 0.5593132 1.0112420 0.5652665 0.0349480 0.4826644 0.1136147 0.5619969 0.6440103 0.5740635 0.4118102 0.4962144 0.9389047 1.2784099 1.2711963 0.9781731 0.3883609 0.4022348 0.5222942 0.1105526 0.3784425 0.5222942 0.4237732 0.3636354 0.5853016 0.4074580 0.5664027 0.3636354 0.9690038 0.5878760 0.4106548 0.8550426 0.5203917 0.5646382 0.5405726 1.3456209 0.0710460 0.0260258 0.3876265 0.3883609 0.4138058 1.3927798 0.4914974 0.1010340 1.3854215 0.3861953 0.7975832 0.5954261 0.6394681 0.6306690 0.4992086 0.4983054 0.5176273 0.4188317 0.6112605 0.4568196 0.8794656 1.3386010 0.5498144 0.5784439 0.7472309 0.8720527 0.7499177 0.4605462 0.5345481 0.4605462 1.1377386 0.4138058 1.0932152 0.3995840 0.5657502 0.4526533 0.4153109 0.4268637 0.6181475 0.4189824 0.5646382 0.5348676 0.6655381 0.5632724 0.6755009 0.8070868 0.5927063 0.5940822 0.9053944 1.0363785 0.7891906 1.2033633 1.3872129 0.5634800 0.8620462 0.6589939 0.0620365 0.4667255 0.5400491 0.5529474 0.9729320 0.5800466 0.5055493 0.8899717 
XP_002823542.1 0.0086380 1.3605493 1.5010069 0.6090034 0.6845706 0.4397512 0.5950216 0.0086380 0.5109391 0.0441120 0.6552576 0.4344072 0.0441143 0.6767484 0.0620365 0.0000000 0.4123494 0.0085274 0.5475604 0.8262391 0.5962343 0.7377609 0.0531695 0.5423362 0.5423362 0.5758920 0.3937493 0.4257145 0.5369019 0.6887362 0.6931552 0.9805213 0.7351818 0.5435913 0.6358191 0.6169726 0.7485560 0.5910479 0.9557388 0.5323666 0.0441120 0.6231069 0.5704266 0.5702595 0.5958356 0.4472304 0.4796483 0.4858352 0.3888479 0.6389282 0.5815449 0.8461160 0.4580060 0.9006052 0.5250026 0.5307277 0.5156987 0.5268004 0.7499122 0.6586947 0.0349848 0.4534938 0.6189870 0.4397998 0.4231763 0.7100477 0.0349848 0.7624841 0.5704266 0.4796483 0.4580060 0.0347449 0.0439319 0.0529542 1.1787255 0.4716766 0.5286286 0.7796777 0.4459253 0.5109391 0.5499305 0.9563003 0.5878629 0.0620272 0.4822150 0.0454800 0.5250026 0.6338168 0.5779471 0.4021832 0.4767766 0.9893774 1.3811053 1.3692079 1.0230775 0.4034121 0.4174826 0.5392442 0.0442707 0.3627121 0.5392442 0.4397512 0.3784224 0.5757891 0.4231763 0.5839150 0.3784224 1.0141086 0.5783277 0.3943177 0.9032076 0.5104226 0.5274453 0.5578407 1.4246031 0.0085274 0.0527917 0.4026292 0.4034121 0.4291543 1.5010069 0.5085293 0.0352900 1.4955867 0.4014058 0.8117232 0.6155923 0.6446199 0.6356778 0.5156987 0.4977966 0.5170705 0.4024382 0.6302201 0.4473162 0.9194302 1.3495271 0.5403355 0.5962970 0.7288770 0.9401078 0.7726364 0.4415552 0.5246287 0.4415552 1.1670549 0.4291543 1.1070831 0.4146980 0.5286010 0.4531387 0.3987745 0.4423698 0.6086475 0.4344072 0.5274453 0.5250783 0.6845706 0.5261755 0.6960917 0.8447497 0.6304814 0.5475604 0.9756970 1.0818836 0.8034450 1.2527675 1.4951505 0.5811259 0.8765728 0.6656956 0.0000010 0.4350371 0.5090246 0.5702595 1.0204517 0.6277330 0.5218772 0.9295072 
NP_001291792.1 0.4131687 1.2346785 1.2740888 0.2352004 0.3364666 0.0456438 0.2246778 0.4131687 0.1572028 0.4419673 0.4882278 0.1459405 0.4431657 0.5824310 0.3967608 0.4123494 0.0000000 0.4246479 0.3643163 0.5683893 0.2247977 0.5626141 0.4406080 0.1899782 0.1899782 0.4552454 0.0368926 0.1244641 0.3667355 0.5625747 0.5564298 0.9424499 0.5940790 0.2680218 0.4277498 0.5203304 0.5228370 0.4422430 0.7240206 0.5795326 0.4419673 0.4430157 0.2105670 0.2070940 0.4352016 0.4069648 0.1640202 0.1747110 0.0554912 0.4538701 0.3674299 0.6304172 0.2322721 0.6926228 0.1679292 0.1867099 0.1665172 0.1776038 0.5952065 0.4356287 0.4284117 0.5117423 0.4207894 0.1562320 0.0086971 0.3941712 0.4284117 0.7085060 0.2105670 0.1640202 0.2322721 0.4284156 0.4417948 0.4090726 0.9648123 0.2815518 0.3912105 0.5247174 0.1562835 0.1572028 0.3678892 0.8431102 0.3904200 0.4502939 0.2179040 0.4586319 0.1679292 0.3581370 0.2241143 0.1782208 0.1887158 0.9604092 1.2209679 1.2094299 0.8532964 0.0460394 0.0744760 0.1794028 0.4573844 0.2874238 0.1794028 0.0456438 0.0274211 0.3587883 0.0086971 0.2215272 0.0274211 0.9496215 0.3676083 0.3220691 0.6941763 0.2211229 0.1684970 0.2009638 1.2979256 0.4246479 0.4346233 0.0843272 0.0460394 0.0649736 1.2740888 0.2835295 0.4446259 1.3654624 0.0363950 0.6098682 0.5323125 0.4267849 0.4039620 0.1665172 0.2295685 0.4011764 0.3376976 0.4301837 0.2168794 0.7121621 1.0449262 0.1761513 0.2250059 0.5594065 0.7094124 0.5182597 0.1870348 0.1467057 0.1870348 0.9952367 0.0649736 0.9081574 0.0748473 0.1691069 0.3005501 0.3225534 0.0745601 0.3694013 0.1459405 0.1684970 0.3090075 0.3364666 0.1680798 0.3809468 0.6850987 0.3992065 0.3643163 0.7424444 0.8451641 0.5304823 1.0300418 1.4687636 0.2138384 0.6653276 0.5343858 0.4123494 0.2747955 0.1986261 0.2070940 0.8773258 0.4431346 0.1719099 0.7209376 
XP_003259820.1 0.0173167 1.3833857 1.5248063 0.5921406 0.6688710 0.4522199 0.5782648 0.0173167 0.5239872 0.0530644 0.6398758 0.4466884 0.0530664 0.6912478 0.0710460 0.0085274 0.4246479 0.0000000 0.5607434 0.8087627 0.5794271 0.7483161 0.0621649 0.5517769 0.5517769 0.5898135 0.4057214 0.4381154 0.5505888 0.6728023 0.7076794 0.9867982 0.7184476 0.5566102 0.6502536 0.6307635 0.7317077 0.6043737 0.9741161 0.5453757 0.0530644 0.6075223 0.5539964 0.5537792 0.5804516 0.4599705 0.4923528 0.4986690 0.4006656 0.6230225 0.5953728 0.8623483 0.4704370 0.9171755 0.5381204 0.5448537 0.5249458 0.5401913 0.7345784 0.6439391 0.0438354 0.4657008 0.6034439 0.4521894 0.4355185 0.7246834 0.0438354 0.7773036 0.5539964 0.4923528 0.4704370 0.0435337 0.0528414 0.0619121 1.1985435 0.4843773 0.5418715 0.7946124 0.4583196 0.5239872 0.5630938 0.9752446 0.5728238 0.0710393 0.4947291 0.0546951 0.5381204 0.6483745 0.5612243 0.4145402 0.4905420 1.0075338 1.4041326 1.3917709 1.0413696 0.4153331 0.4294891 0.5486597 0.0532424 0.3743012 0.5486597 0.4522199 0.3902611 0.5893340 0.4355185 0.5673562 0.3902611 1.0327506 0.5919422 0.4061901 0.9198580 0.5240950 0.5406367 0.5673607 1.4477568 0.0000010 0.0617231 0.4145146 0.4153331 0.4411838 1.5248063 0.5214858 0.0442133 1.5198180 0.4134636 0.8274800 0.6293320 0.6285878 0.6200471 0.5249458 0.5104245 0.5298947 0.4143132 0.6441316 0.4598615 0.9374222 1.3721801 0.5535615 0.5795150 0.7125601 0.9582553 0.7875328 0.4549476 0.5377225 0.4549476 1.1871843 0.4411838 1.1267065 0.4266119 0.5417799 0.4657236 0.4105733 0.4544596 0.6224249 0.4466884 0.5406367 0.5386173 0.6688710 0.5393318 0.7099446 0.8621375 0.6443488 0.5607434 0.9942736 1.1012184 0.7857796 1.2737992 1.5188824 0.5644167 0.8929976 0.6804148 0.0085274 0.4472964 0.4956215 0.5537792 1.0384795 0.6418221 0.5349785 0.9476284 
XP_003405234.1 0.5678935 1.3124108 1.3538965 0.5368290 0.6078465 0.3811141 0.5238783 0.5678935 0.4756047 0.5733389 0.5154336 0.2931070 0.5754970 0.7455689 0.5940822 0.5475604 0.3643163 0.5607434 0.0000000 0.7508168 0.5248360 0.7743108 0.6170143 0.4430207 0.4430207 0.2701914 0.3774441 0.3102394 0.4442978 0.5288543 0.7346731 1.0944980 0.7106248 0.5365252 0.4667451 0.6904513 0.7524861 0.4976672 0.7976249 0.7978446 0.5733389 0.5602321 0.5016098 0.5282498 0.6044023 0.5689798 0.4372035 0.4426925 0.3731657 0.5943372 0.2620155 0.5336305 0.3076915 0.6365181 0.4892061 0.4504795 0.4419327 0.4290185 0.6967447 0.3887017 0.5794104 0.6706733 0.6004000 0.3019625 0.3527288 0.5640541 0.5794104 0.8633822 0.5016098 0.4372035 0.3076915 0.5743343 0.5941565 0.5800764 1.1256806 0.4634324 0.5538053 0.5985413 0.3021940 0.4756047 0.4846191 0.8834679 0.5548314 0.6291503 0.4002826 0.6168146 0.4892061 0.5221472 0.5076130 0.3217775 0.4680339 0.9599373 1.3331404 1.2297442 0.8739271 0.3606416 0.4237968 0.4304729 0.5972403 0.4568246 0.4304729 0.3811141 0.3626674 0.4758188 0.3527288 0.5140116 0.3626674 0.9730632 0.4430349 0.4671333 0.6378131 0.5120813 0.4914043 0.4569597 1.3358917 0.5607434 0.6120660 0.3859475 0.3606416 0.4119219 1.3538965 0.4096597 0.5829286 1.4043236 0.3457719 0.6102152 0.7710856 0.5993763 0.5925182 0.4419327 0.3995170 0.5184799 0.5019380 0.6174404 0.3632605 0.8089264 1.1644535 0.4775116 0.4948610 0.5713424 0.8315924 0.5990249 0.4638943 0.4889047 0.4638943 1.1725726 0.4119219 0.9458726 0.3979665 0.4925614 0.4670318 0.4966101 0.4247406 0.4701306 0.2931070 0.4914043 0.4603287 0.6078465 0.4902503 0.5531460 0.7736052 0.5679582 0.0000010 0.8282578 0.9593337 0.6970180 1.1553137 1.4090371 0.5107289 0.6604832 0.6441679 0.5475604 0.5278644 0.5002878 0.5282498 0.9257047 0.6939674 0.4361949 0.8048199 
XP_035294900.1 0.8282035 0.7332614 0.7064702 0.5699864 0.6680315 0.5827155 0.5355375 0.8282035 0.6848376 0.8386604 0.7414134 0.4698477 0.8475117 0.9431868 0.7817436 0.8262391 0.5683893 0.8087627 0.7508168 0.0000000 0.5639128 0.8563499 0.7692451 0.6483638 0.6483638 0.8096739 0.5438508 0.5096083 0.7169284 0.8390731 0.7791362 1.3457424 0.7737435 0.6796203 0.7302105 0.7911067 0.1041127 0.7136229 0.3331523 0.7786507 0.8386604 0.7557981 0.5669964 0.5921933 0.7490526 0.6878161 0.5944611 0.6097201 0.5353105 0.7723943 0.7234407 1.0082540 0.7043176 0.2899835 0.7011005 0.5934809 0.6143645 0.6221153 0.8211063 0.9168172 0.8272943 0.8512849 0.7626157 0.4835283 0.5553809 0.5950717 0.8272943 0.9668250 0.5669964 0.5944611 0.7043176 0.8056726 0.8157799 0.7735688 1.3314767 0.6683419 0.7325238 0.8304921 0.4559628 0.6848376 0.6150954 1.0454011 0.7318860 0.8124562 0.5909136 0.8787132 0.7011005 0.8773061 0.5343351 0.5073096 0.6051856 1.1275506 0.6903099 0.6417661 0.4453089 0.5523828 0.6009916 0.6568045 0.8185711 0.6703717 0.6568045 0.5827155 0.5438022 0.5992124 0.5553809 0.5520158 0.5438022 1.1958181 0.6395050 0.7208388 0.2716959 0.7129470 0.7004207 0.6654900 0.6871384 0.8087627 0.7966987 0.5937282 0.5523828 0.5982827 0.7064702 0.6086431 0.8026225 0.8305707 0.5571960 0.2494573 0.9090983 0.7611217 0.8142560 0.6143645 0.5899893 0.8985701 0.7277853 0.7353250 0.6584017 0.3019697 1.3664628 0.6684541 0.5318011 0.9120436 0.3122620 0.8229270 0.6426218 0.6926542 0.6426218 1.2753300 0.5982827 1.3922185 0.5807785 0.7057299 0.6789601 0.7152351 0.5960821 0.6060101 0.4698477 0.7004207 0.6036279 0.6680315 0.7028677 0.6128890 0.2581897 0.7020749 0.7508168 0.3288976 0.3955590 0.1376645 1.4012307 0.8113456 0.5488130 0.2648709 0.7684467 0.8262391 0.6796164 0.5797003 0.5921933 0.4499425 0.7151774 0.6201045 0.3101852 
NP_001272611.1 0.5978162 1.3158084 1.2862570 0.0461732 0.2650041 0.2236630 0.0177425 0.5978162 0.3100184 0.6365591 0.5988118 0.2343328 0.6314734 0.6908416 0.5783551 0.5962343 0.2247977 0.5794271 0.5248360 0.5639128 0.0000000 0.6464093 0.5880992 0.1090805 0.1090805 0.6681073 0.2378227 0.1661369 0.5195805 0.5840237 0.6515452 1.0282671 0.7808156 0.4475010 0.5663052 0.5744125 0.5318935 0.5222291 0.7307678 0.6500161 0.6365591 0.5531235 0.0271980 0.0455450 0.5456782 0.4784054 0.1660015 0.1767678 0.2350895 0.5661248 0.5393976 0.7333926 0.3911674 0.7262671 0.3220571 0.1042696 0.0876466 0.1154015 0.7147281 0.5873079 0.6138844 0.7210054 0.5195250 0.2456767 0.2140463 0.5107347 0.6138844 0.7674080 0.0271980 0.1660015 0.3911674 0.6142048 0.6292793 0.5921863 1.1650017 0.3994819 0.5103800 0.5654282 0.2457947 0.3100184 0.4415248 0.9036726 0.5612975 0.6425994 0.3079450 0.6537795 0.3220571 0.5343774 0.0368293 0.3065679 0.0656805 1.1199312 1.3011216 1.1993375 0.9079991 0.2476377 0.2821667 0.0989256 0.6480497 0.4190374 0.0989256 0.2236630 0.2249049 0.4302963 0.2140463 0.0364310 0.2249049 1.1513009 0.4251759 0.4852112 0.7280013 0.3833544 0.3233118 0.1194381 1.2647440 0.5794271 0.6239103 0.2692664 0.2476377 0.2708802 1.2862570 0.4658659 0.6336954 1.4470994 0.2342285 0.6709869 0.7934502 0.5366463 0.5097359 0.0876466 0.3210633 0.5145255 0.4638343 0.5543081 0.3824505 0.7674676 0.9758783 0.3247817 0.0177478 0.6100889 0.7139948 0.5588335 0.0855266 0.2984666 0.0855266 1.1765189 0.2708802 1.1060108 0.2584319 0.3243165 0.4074514 0.4858868 0.2690523 0.4255338 0.2343328 0.3233118 0.4198549 0.2650041 0.3225701 0.4455083 0.7302787 0.5156129 0.5248360 0.7476713 0.9335262 0.5534612 1.2615665 1.4192983 0.0088379 0.6982332 0.6466084 0.5962343 0.4347064 0.0666918 0.0455450 0.8990018 0.5748679 0.1139888 0.7514173 
XP_003797897.1 0.7394206 1.3784325 1.3556277 0.6097050 0.7604403 0.5777306 0.6435349 0.7394206 0.6147231 0.7768207 0.6042941 0.5430797 0.7695970 0.6918994 0.7458962 0.7377609 0.5626141 0.7483161 0.7743108 0.8563499 0.6464093 0.0000000 0.7996240 0.6060016 0.6060016 0.6904754 0.5172115 0.4971477 0.6646196 0.6200592 0.9202786 1.0768274 0.7466843 0.5905250 0.7463248 0.6880978 0.7710739 0.7284620 0.9863098 0.7157032 0.7768207 0.6322636 0.6001993 0.6008414 0.6470564 0.7411558 0.5774206 0.5932962 0.4789061 0.6149500 0.8250150 0.8850072 0.5948495 0.8927538 0.6302792 0.5711630 0.5472704 0.6224935 0.6930776 0.7021513 0.7501989 0.7574356 0.5574507 0.5576703 0.5741974 0.7408784 0.7501989 0.8287662 0.6001993 0.5774206 0.5948495 0.7255878 0.7586574 0.7612086 1.3864901 0.3972602 0.4276987 0.8597859 0.5281362 0.6147231 0.6794167 1.0288155 0.6226469 0.8078896 0.5699093 0.7975618 0.6302792 0.6178716 0.5929608 0.5352632 0.5825742 1.1683367 1.3515742 1.2851875 1.0001862 0.4957148 0.5525247 0.5906509 0.7547403 0.6015501 0.5906509 0.5777306 0.4987983 0.6390087 0.5741974 0.5845201 0.4987983 1.2002101 0.6518545 0.6483870 0.8954201 0.6640494 0.5933109 0.6228895 1.3616484 0.7483161 0.7922184 0.5217837 0.4957148 0.5525247 1.3556277 0.5997197 0.7394487 1.5005602 0.5162241 0.8259395 0.6501688 0.6080657 0.5957641 0.5472704 0.5532991 0.7543512 0.6374959 0.6553648 0.5969224 0.9520570 1.5124044 0.6590674 0.6463860 0.6316715 0.9795835 0.8705595 0.5429744 0.6003521 0.5429744 1.3854008 0.5525247 0.9692444 0.5353536 0.6345780 0.3996276 0.6491211 0.5676461 0.6833518 0.5430797 0.5933109 0.5387289 0.7604403 0.6318369 0.7440438 0.8789519 0.6660673 0.7743108 1.0237271 1.0700416 0.8220100 1.3442915 1.5121853 0.6300510 0.8781213 0.1744833 0.7377609 0.6457733 0.6365945 0.6008414 1.0032486 0.8099151 0.5772185 0.9481735 
